      1 DIPLOID_HOM_REF	HAPLOID_REF	DIPLOID_HOM_ALT	HAPLOID_ALT	HET
   1730 0	0	0	2	3
   6881 0	0	1	2	2
  10279 0	0	2	2	1
   4550 0	1	0	1	3
   7814 0	1	1	1	2
   8487 0	1	2	1	1
   5007 0	1	3	1	0
   2866 0	2	0	0	3
   4512 0	2	1	0	2
   3395 0	2	2	0	1
    957 0	2	3	0	0
   2851 1	0	0	2	2
   3589 1	0	1	2	1
   1141 1	0	2	2	0
  11667 1	1	0	1	2
   7800 1	1	1	1	1
   3245 1	1	2	1	0
  17561 1	2	0	0	2
   9364 1	2	1	0	1
   2152 1	2	2	0	0
   2922 2	0	0	2	1
   1663 2	0	1	2	0
  21223 2	1	0	1	1
   5733 2	1	1	1	0
  57545 2	2	0	0	1
   2591 2	2	1	0	0
   1549 3	0	0	2	0
  25490 3	1	0	1	0
